-7.6439085
-3.1384594
-7.002475
-12.07897
-1.0158626
8.818085
6.0263247
2.23228
8.032921
2.3310666
-12.000176
-3.5714066
-8.366291
-15.102719
8.085095
12.374262
0.88480467
-4.0131617
1.0489584
4.687016
-3.7364323
4.428896
0.29491284
-8.686491
14.80604
24.27336
6.9871025
-16.570585
-14.133194
-1.7617915
-12.440048
0.040933285
-0.29167143
-8.546592
14.131938
2.158501
-3.468773
-1.969035
-12.502461
11.813379
8.545248
-2.8132372
-5.9361844
-26.038301
-8.787553
11.517628
21.001827
26.010805
12.031331
4.1614294
-16.99712
-20.738787
-5.5034637
-18.322697
-8.233578
8.274768
6.2067294
29.05995
25.674343
-5.515855
-1.5281647
-4.9583125
-17.940096
-5.7673826
-2.3029728
2.9965327
6.1688566
-4.6722846
5.3327675
3.6018953
-3.415051
8.888564
-6.939833
-18.174612
5.373226
11.63577
-0.89087594
-3.942034
0.5031669
5.980209
-0.31783158
-4.346915
14.298047
13.363851
-7.0396237
-15.139169
-22.6571
-9.363129
17.607185
18.249245
-4.471015
-23.153244
-8.696655
17.04475
12.842994
-1.2473352
2.7412236
-0.794058
-16.234869
-8.667488
17.470427
26.12145
2.7491376
-23.436615
-26.319195
-20.765966
-0.5505463
19.94154
3.2316601
6.4260206
5.7014284
-23.992905
10.142419
28.27857
4.9967937
2.893702
-20.768568
-10.508271
29.184887
19.274588
-7.917891
-10.535943
-12.428225
-3.2916417
25.193085
-16.482368
-23.823338
24.791937
-16.73011
10.251845
32.833794
-39.16925
-0.6553869
13.896015
-5.2831807
26.424246
-1.1967756
-8.952393
-27.708563
-69.73332
-5.251571
98.394585
94.41903
-25.345062
-74.7278
-30.653929
-16.780258
6.31287
43.89475
39.586765
-52.6725
-96.53128
66.065865
140.56699
-5.467935
-84.03356
-63.320282
-52.740417
-2.8929343
101.15234
91.13532
-67.611244
-109.85184
-10.901913
63.638367
110.00873
33.205654
-73.57875
-56.66562
-82.15053
-18.861769
125.572716
91.45699
24.470003
-70.604866
-149.92366
-53.111603
78.76048
149.79973
91.8424
-56.140785
-114.838905
-59.22175
4.8945694
22.660887
44.997177
38.37693
0.09480527
-42.335247
-94.54636
-33.22089
74.15998
83.52796
-11.788618
-104.70323
116.17085
315.2613
-48.902523
-450.72012
-268.2434
301.0414
388.0357
-192.27022
-310.78958
100.43867
179.96689
-9.019272
-97.57548
70.37545
132.24344
-178.83134
-215.96654
186.43858
326.9599
69.05993
-92.939415
-119.253105
-164.74887
-83.39584
-67.29495
-188.28119
-29.955809
266.25613
272.71918
110.29838
10.502139
-21.678669
-35.730453
-90.808945
-166.9242
-143.45522
-27.957453
50.268044
38.15307
63.248394
307.98434
395.88672
-95.76884
-552.43585
-527.1131
-215.75412
358.97638
641.26746
409.78717
193.3513
-383.63403
-1133.636
-655.3841
719.6721
1235.7004
507.29022
-562.1408
-925.09
-152.61093
647.40894
293.86835
-456.39438
-454.45627
80.31707
484.6894
459.93387
22.4866
-503.2697
-736.04596
-275.19714
687.2191
821.9628
-168.3576
-704.35345
-107.68013
756.92883
918.24036
138.19797
-737.7793
-975.47675
-796.7112
-531.72614
19.126501
863.1044
1254.412
883.9914
190.57283
-450.44034
-751.835
-765.48914
-651.3486
-248.1873
329.52728
831.5499
1065.6007
608.92
-343.6381
-1005.39246
-1006.6476
-391.66177
366.02676
698.07056
519.63837
153.04321
7.715731
-57.706394
-258.98566
-305.1197
-234.06815
-178.75261
42.996525
295.0993
351.54514
270.2577
103.58493
-126.77411
-262.3244
-267.26135
-283.8928
-226.78151
8.813315
327.9904
520.0318
348.33575
-7.3543725
-232.2338
-321.78436
-304.09735
-149.25867
128.64272
303.5691
182.7556
-25.251781
-113.13326
-126.551254
-75.2705
43.178482
86.35551
88.344795
165.27243
123.86947
-65.68973
-211.29214
-325.7673
-312.54678
-34.067905
305.55124
446.54974
322.90195
68.95792
-143.54756
-279.3929
-285.99667
-156.38751
8.3087
122.823654
89.12247
6.6807413
43.381523
105.68025
141.61037
111.44203
-20.74398
-92.503914
-168.6301
-296.86902
-268.25388
-78.211136
243.0385
519.1638
460.16763
167.03459
-200.86845
-487.5258
-478.54617
-254.0702
54.88737
366.347
429.9521
186.643
-49.58005
-99.75656
-69.300125
-61.981007
-141.7047
-245.12993
-205.24391
-13.423177
250.33496
426.72205
275.7721
-41.427887
-160.6308
-152.29108
-88.3725
41.586067
-77.043816
-341.4094
-203.15363
247.0465
402.62616
92.15631
-187.97742
-32.47483
214.47043
84.5422
-70.13996
119.83105
60.954506
-438.73862
-521.15515
12.259932
382.96362
270.08984
59.27202
-3.9005563
-49.954952
-75.792625
91.87731
180.7559
-106.36356
-318.3154
-131.82922
70.97552
145.82901
242.22704
141.70728
-201.59929
-298.09622
-10.104516
220.5384
73.4919
-211.69002
-136.9229
173.09879
221.98239
70.96647
58.932938
95.77612
-177.718
-510.4496
-422.77502
-33.966274
483.05243
777.74316
419.2151
-236.13098
-580.86945
-454.256
-151.21654
108.54799
351.78442
297.62842
-77.4832
-244.07594
-28.403637
180.7298
42.615726
-195.61766
-79.76967
200.18892
195.1671
-44.867054
-276.48734
-251.67961
30.40745
229.884
325.23965
255.62039
-131.97546
-476.4789
-431.52887
-24.110867
395.36725
446.22095
178.20987
-130.58826
-243.94057
-172.25502
-66.250374
52.70083
95.58693
13.388351
-111.17775
-149.02612
40.400574
219.1707
151.22778
42.39641
-42.5566
-125.6118
-94.45806
-2.464537
46.503944
-7.319137
-101.47736
-67.39156
56.10123
195.67279
299.9244
178.87268
-137.31174
-379.061
-394.32355
-171.67734
102.71451
206.94145
231.4262
219.66695
77.52775
-45.5334
-85.31635
-106.39717
-81.43067
-56.974453
-14.530302
32.58159
-10.191197
-37.932697
14.513862
60.0066
42.9889
-1.6928002
31.355923
76.85122
-14.957058
-110.2026
-27.60947
60.386837
-11.169039
-65.86624
-32.925255
-14.379504
22.389338
77.482605
88.50976
38.13585
-45.299854
-45.90563
15.626954
-6.78945
-58.840908
-66.25916
-44.18108
12.640649
41.43986
91.36126
156.55556
50.624046
-108.4711
-146.95415
-104.984375
-8.498054
58.956814
73.02678
72.23646
11.284758
-69.88712
-74.40225
-12.94318
23.632523
41.463196
107.55519
132.11136
33.554367
-136.2773
-260.00806
-185.27417
8.9314165
140.50247
231.3121
210.50592
16.657541
-140.86281
-141.98547
-46.355595
24.936092
-7.224526
-48.366558
-33.11774
-6.9946537
23.435038
83.89549
121.50463
68.97581
-9.827433
-45.553226
-65.13369
-90.732124
-84.4574
-36.934105
-3.3123531
28.763765
85.19826
117.66933
83.672226
0.74799246
-40.374058
-38.788975
-78.99393
-107.34746
-47.855614
27.95171
34.97871
33.914776
81.289345
97.241516
39.446823
-51.68308
-89.3157
-41.339535
-19.686537
-31.602747
-8.586276
12.255382
25.110764
38.4533
52.991817
76.394264
47.96964
-47.634766
-121.22852
-108.79316
-45.11483
13.765741
53.312428
71.5672
66.50323
22.990227
-29.62131
-20.879908
22.454744
31.016994
-5.25094
-63.48513
-73.59979
-32.618286
-17.567686
8.405159
68.441345
78.57987
31.121956
-3.641193
4.393832
3.0784044
-43.14542
-77.644585
-58.35176
4.197494
63.979862
68.78842
31.548532
-21.008453
-52.26474
-31.1779
5.784348
28.253542
27.013855
19.499521
4.8574944
-29.754242
-26.31642
1.6687896
-2.2392719
-28.245768
-44.469086
-5.508846
56.4134
72.77286
45.151493
7.3035073
-11.604658
-19.85374
-41.006058
-57.856495
-36.856384
-6.5268536
14.469495
45.93745
47.12497
21.032534
-1.384012
-24.769045
-17.503366
7.013221
11.13944
-8.817054
-36.89605
-36.8843
-7.488121
28.493393
37.676216
26.651947
28.318516
12.550978
-23.95656
-46.62758
-36.0668
4.3144317
21.209827
6.143476
-4.7410336
-17.055449
-15.805347
15.771426
47.14735
56.521317
17.02694
-40.87104
-44.390514
-35.573868
-39.38018
-13.920116
18.796911
39.074562
42.386005
26.23177
4.480805
-18.225006
-24.208092
-21.022738
-5.775452
27.150438
14.66235
-16.904913
-4.7103176
0.46761307
-13.47838
-1.6048286
22.764162
16.421522
-7.1004477
-12.052483
-24.690117
-31.264818
11.314307
42.46218
32.682606
12.987032
-11.840289
-16.875938
-13.12548
-19.683802
-19.488327
-6.670935
21.965773
30.271646
13.176576
11.248104
2.9037907
-26.288618
-35.023476
-3.4194365
23.870495
15.1741
4.1665487
5.373747
1.104876
-9.458912
-12.937207
-6.672265
5.3891664
13.273504
-9.313824
-30.605412
-9.8346405
11.242391
26.095667
37.077553
-1.5157725
-35.961098
-8.241905
8.485682
-5.534579
0.91167843
5.5626297
-1.0404648
3.143206
-5.153238
-13.120836
-4.5821447
-5.8664227
-3.1391199
2.9013853
-0.24935539
6.6087766
12.960182
10.543934
7.5297394
-0.89048153
-8.057263
-7.080585
-2.3593857
5.153855
1.4422293
-10.526049
-3.814551
6.890814
11.562514
12.196882
-0.7343216
-7.756843
-11.517342
-11.948497
-0.42998245
-1.5483059
-6.1942935
-1.2233666
15.266511
30.245403
15.417103
5.839564
5.573589
-9.488796
-21.371456
-36.25657
-25.503754
7.006693
14.699532
25.047926
22.760374
-2.0442305
-9.751296
-3.5532682
14.956415
12.337747
-20.253256
-25.507555
-9.251245
-1.8431909
-2.808978
-11.995583
-10.588789
16.431158
39.52602
35.64927
16.814161
-13.513632
-36.473667
-31.279627
-20.048534
-5.077821
14.513284
15.929134
10.62535
15.452107
21.28872
17.317265
5.9927125
-15.633861
-48.408173
-52.75491
-14.626357
22.22316
33.633408
