-3.7295334
-6.6468353
-6.719898
-9.772891
-4.974274
7.0259514
5.963251
8.82796
10.776106
-2.467466
2.1621633
-1.1722878
-9.412703
4.0010576
-2.8634841
0.033240255
7.574962
-5.676486
3.5791306
1.8209748
-5.934767
-3.356532
-8.112928
2.788929
-2.8870018
-1.385617
19.78779
6.382692
2.0926387
1.8635951
-13.271871
-9.238168
-7.599585
-2.1020846
8.217023
3.4484892
2.419388
1.5468159
-5.8539886
-0.40500832
6.70745
-2.179906
0.7276058
0.4210039
-9.815142
2.1925082
-3.9274724
-10.325712
8.214326
10.637509
6.1098547
-9.849793
-10.925329
4.677128
-1.3839859
9.934895
6.880993
-15.083821
1.6350961
-0.6834769
-3.1566572
28.448349
-0.10864503
-30.159992
3.3231902
7.049443
3.050087
1.6481501
-13.340491
6.011235
-2.8695362
-13.114446
12.466651
-3.890394
0.47914782
16.285398
-3.042142
7.1212683
-1.0099953
-14.680392
1.3250922
1.4800994
15.028847
5.263184
-12.812225
4.225921
-10.437947
-5.412512
19.303265
1.1661103
-5.842598
1.8622595
4.6904516
2.3896012
-5.2360764
-3.7023973
3.9395764
9.158928
-6.7030535
-23.20758
-8.851836
9.47941
6.035372
-9.794204
-1.4704975
21.6691
10.048803
-3.8873184
-1.3071934
-11.657663
-3.9590843
14.162889
8.031405
-7.435984
-14.638762
-8.096558
-3.8852541
5.8418427
5.8269315
-22.30438
-16.948723
15.779676
26.815979
19.12232
-5.775431
-17.745777
2.5647984
24.987501
29.731915
13.729857
-10.111434
-33.64285
-41.86009
-15.6698885
2.0601997
-8.019231
-22.319597
-16.386171
16.431509
20.880434
27.324453
53.395622
22.775885
-5.449059
3.4082882
0.5177662
10.23199
-0.13896589
-47.651306
-47.701263
-11.187285
-17.059376
-31.92365
-7.863071
1.545788
12.957048
51.73148
38.710438
13.684438
27.22933
28.930004
32.350754
34.761337
-0.074357554
-54.06839
-89.29894
-98.33194
-74.06215
-3.2312064
44.77485
51.239216
69.40269
48.50595
-6.064635
-13.258
7.4579997
32.47562
47.533493
19.162563
-23.755268
-61.29958
-93.49088
-90.2496
-42.823017
29.626068
78.97657
83.462585
74.18852
48.04429
4.9973593
-12.552031
-22.629541
-55.716213
-66.76377
-69.23494
-80.613106
-36.887623
40.089928
86.33429
106.75319
106.879036
62.908463
-4.8459544
-61.284138
-102.71551
-87.625984
-48.077343
-32.124935
9.582062
47.783493
62.359737
67.45622
35.898018
7.3397856
-12.80094
-35.61448
-29.336897
-18.617786
-15.411663
-13.603925
-13.078341
-12.564287
-10.573817
19.664824
40.31917
24.840849
21.585173
21.05593
-0.035284065
-21.36252
-30.927872
-25.574947
0.79900736
22.699127
13.977096
0.68161154
-3.1180239
-11.407272
-16.883698
-2.2948577
16.521633
13.761707
0.8422792
-18.034239
-27.107466
-0.968591
17.529629
19.27097
25.278593
7.84196
-11.671331
-16.802385
-21.963966
-12.416231
-0.13645186
5.241575
12.937926
26.121714
32.29635
12.595738
-12.492831
-31.656567
-51.4315
-47.76777
-17.191732
18.113789
49.53442
58.875256
43.91929
14.92264
-20.150297
-32.977333
-34.55252
-38.60179
-23.842798
7.3965983
36.79048
41.608826
21.72742
-6.464764
-32.40322
-38.692783
-17.798788
19.796661
42.57102
33.842052
10.737568
-14.262983
-32.354244
-34.233334
-14.261901
15.092176
23.896605
12.565394
-5.4311023
-24.815933
-29.31638
-16.47431
7.6274047
37.427505
58.292553
53.95207
16.487963
-31.992125
-65.92666
-70.75741
-44.66324
-3.1233144
44.589878
67.959564
49.193047
12.217156
-24.4341
-44.959045
-38.55546
-5.549783
29.21163
39.622814
26.734438
-7.421384
-37.86158
-42.771694
-29.422966
3.909812
38.835827
49.319756
35.637165
-3.606921
-44.732376
-50.905613
-27.664667
8.812339
43.37738
53.907055
35.132786
-0.27256578
-34.64688
-51.112427
-37.04693
-6.8022614
16.748627
30.938341
28.22796
9.796923
-11.085006
-25.11534
-17.16857
1.6199273
10.966314
14.354481
9.685548
1.396874
-2.3498733
-6.947144
-11.253175
-4.4784737
9.281991
10.907705
5.6641836
-1.9390644
-15.23473
-20.074724
-13.397644
5.9681883
26.214636
23.486586
6.7645154
-6.016181
-8.839393
0.24489969
6.7193203
-2.8079326
-14.702423
-20.385395
-17.21745
5.4175773
22.099146
11.7270975
1.360448
-1.8294163
-2.9566348
3.5668824
4.661687
-1.3432004
-3.9556098
-4.497664
-7.8476634
-6.745779
3.344021
6.6245246
8.760364
8.819685
-3.7583888
-8.901479
-10.891102
-10.876955
3.2276027
12.833466
10.818554
2.501406
-6.9780965
-7.3187323
2.8154774
9.290148
6.98705
1.9476959
-13.09665
-21.586636
-10.925777
0.42826533
14.257624
24.284237
16.144411
2.8296263
-6.0257125
-17.249266
-22.286163
-3.9698818
13.428222
11.753377
10.19337
3.4728987
-4.3796525
-2.8067188
-6.2292457
-6.636655
-0.9377023
2.348163
5.2373633
3.8929944
1.2200028
0.6545208
-5.2656474
-12.540262
-8.142331
1.2543659
13.1595955
21.045826
9.313103
-2.7528417
-12.68971
-21.373756
-10.431698
1.6679624
5.453022
7.679912
7.7564445
6.567611
1.1692681
-2.8151712
-5.2227364
-3.1415458
5.400603
6.276985
-1.9412897
-7.375398
-5.6783037
-7.3491616
-7.494001
0.50864244
2.832555
6.5335817
14.691234
14.175937
7.5300245
0.27133217
-5.196354
-8.750456
-9.260747
-7.978964
-6.9557877
-2.1721833
-0.48620793
-4.9015527
-5.8789897
0.4618701
10.622965
14.069985
11.423377
5.3461785
-3.6951907
-7.4945664
-8.205649
-1.7578583
3.71313
-1.0755584
-1.3958772
-2.0118868
-0.32322842
4.913773
2.6248946
-1.6196417
-7.2889814
-8.286687
-5.162041
-0.24194069
7.9283648
