11.80002
18.066698
5.377773
-5.35665
-10.493842
-20.857038
-7.1440744
2.570859
5.853162
16.50929
9.028404
-4.8563023
-8.607408
-2.3908525
1.1190743
-14.52054
-11.693251
13.125911
9.815618
5.4714713
10.073162
-9.232839
-17.182413
2.091642
2.2533011
-3.853109
9.807902
2.4061458
1.8604336
7.836895
-9.969097
4.729284
0.51940125
-18.461205
6.560692
5.1038485
0.72746927
7.6435814
-7.1750064
-5.521193
2.9340668
0.49895838
-2.420358
3.8824785
5.81317
-3.3898075
3.600735
-0.5198785
-13.369752
-4.930471
1.4371198
12.813561
19.056753
5.3565197
-3.8370786
-4.405566
-4.4273067
-4.5986695
-1.5949905
-6.862666
-7.3693247
5.486934
8.169401
4.4052663
-3.1352115
-10.76283
-6.964705
0.82979816
0.9068325
0.24800566
22.180086
26.118574
-25.07207
-59.51172
-32.476364
72.30187
115.03934
-11.068626
-62.211403
-51.757423
-50.64072
1.1058406
4.628094
69.14017
56.995052
-57.945732
7.1356
5.8904114
-60.56192
28.185165
49.167675
-16.1957
7.501576
-11.791116
-76.29229
25.151995
43.669754
-32.959454
59.840546
4.6043067
-70.11354
31.296858
-37.270016
-20.372587
85.151184
-20.50173
-1.7469465
39.842144
-63.62952
-3.5312161
24.774916
-40.00668
15.958292
8.932928
9.307595
18.970636
-42.769554
17.108435
19.565475
-16.91111
20.025623
0.40463406
-2.7262146
-16.892956
-1.3576305
-13.915167
-31.581131
72.90702
28.954277
-39.5983
-19.072983
-17.545288
57.466465
20.922928
-66.91465
-9.555879
27.445309
-33.409576
-6.7223697
84.692055
-10.289615
-32.95392
15.0878935
-61.592598
43.658127
41.369457
-54.19274
46.440117
-33.56233
-27.14555
48.882744
-79.50709
11.888321
71.84589
-12.892538
32.175987
-13.910547
-44.58411
-16.793793
-28.18885
37.913803
49.097534
16.851154
-5.5456986
-45.342476
2.104669
22.033154
-44.280872
-27.4037
64.92916
14.310951
-61.495964
28.02832
11.778751
-27.08295
22.427858
-22.088701
28.273293
46.2868
-56.005917
-1.5484136
4.410381
-38.077736
36.659466
-7.7370477
-24.697344
58.788517
-41.58371
-34.578537
83.11819
-22.815535
-37.383453
24.832808
-22.894741
5.6166325
29.801485
15.81028
8.311288
-31.703268
-27.519995
10.205221
25.769016
17.713387
-5.483715
3.8230252
0.99739695
-58.562756
-24.39382
48.649147
5.5486693
-2.7130473
7.7327
-11.576436
14.840826
-11.269987
-1.4320278
36.718147
-19.495193
-9.787896
5.257095
-31.32349
-0.56018513
18.962482
18.381784
11.335346
-5.930083
0.7419391
-38.96394
-27.295448
34.610466
1.046348
24.007467
38.064053
-23.065609
-4.7051682
-36.564423
-33.230396
40.249844
11.382147
2.087745
-1.2690575
-6.8112364
4.5648007
-13.171656
19.717226
2.8611526
-32.72755
12.394685
9.180497
11.398578
17.685106
-33.868782
-11.187586
17.59087
3.4536524
24.119293
1.8943479
-40.085533
-40.55701
-0.5527068
20.120234
0.1074057
45.394836
23.338903
-43.320927
1.8999293
0.3329384
-7.4934072
15.336565
-2.8922565
1.8186226
3.9820762
8.74297
-6.2086263
-29.5569
-9.036364
22.63453
24.884834
-31.374054
-14.767219
18.772865
-19.736298
1.4193636
23.33037
25.231363
-1.3710163
-37.87795
4.979912
13.766172
3.3305376
9.492174
-27.647358
-15.801868
35.241825
13.931735
-30.917864
-9.472535
20.26367
0.007288859
0.34116086
17.659548
3.3508444
-5.897344
-18.222486
-13.82608
6.3269053
4.279912
21.117378
-3.9065588
-21.642717
21.611456
-13.699387
-32.238956
19.539156
23.27785
4.45947
-10.641956
-5.630716
3.5801072
-8.135177
-1.6255344
10.063691
12.874781
-6.317308
-12.59338
6.961183
-27.033178
3.130029
47.33125
-31.16
7.7400193
47.519276
-43.06107
-22.701468
-6.5768723
-11.383547
25.629833
11.805948
10.399301
-26.888334
-5.353833
36.586075
-39.81433
7.6020207
29.300337
-35.902237
9.577377
4.002966
-1.4896823
23.149208
2.5520833
-11.465992
-13.510663
-7.348205
-19.048204
30.90039
38.26713
-24.95215
0.88166624
-12.768721
-17.370169
18.363556
3.911843
-0.16533653
-15.544282
13.721811
9.567832
-39.58275
8.591038
25.164503
25.007463
16.842476
-27.36694
-9.9112015
-29.26948
-8.733866
50.013523
-13.988918
-39.184654
-3.8088741
22.771788
15.7686
-7.7184343
17.979864
-31.85712
0.39032167
68.59405
-44.20021
-26.09109
30.667585
-17.633265
-4.6084447
21.28558
34.996815
-43.39451
-29.768087
52.636253
-29.785656
-0.13731453
-0.86835015
-25.743063
83.79933
-16.640862
-51.261017
13.411847
-42.00101
17.942192
19.849564
-18.08206
37.211323
19.406961
-23.791817
-23.818958
-14.443926
11.141653
40.504696
-18.31175
-27.327803
32.84974
8.177043
-2.236321
-30.549145
-18.404797
18.167107
8.557697
44.653866
-19.30392
-33.24313
11.732237
-9.493456
29.267786
-16.831654
2.7694626
36.52907
-43.932896
10.359381
3.1892052
-21.86627
-8.96684
-27.832392
54.596695
4.59268
-20.515505
42.786243
-34.50786
-4.0108123
8.406239
-27.376894
38.69006
1.5320331
-0.36819276
28.157675
-30.374245
-9.144134
-15.854744
-32.04812
29.757738
25.537844
22.331093
-9.904145
-46.044304
28.825655
-3.3201516
-34.135628
25.877087
-0.89610845
18.594772
14.031644
-25.677788
3.810752
-32.914783
1.1579306
54.686993
-20.32715
-14.159407
22.373974
-18.057318
-30.27181
1.9730563
37.77583
35.3336
-10.873557
-42.94971
-14.481948
33.062714
22.771255
7.6264963
7.3131785
-43.649906
-39.332634
27.859308
35.231472
-10.323711
-26.299332
34.158073
9.591365
-53.6489
-12.467833
-4.883706
5.9477963
30.518044
29.716858
18.365831
-26.501652
-3.6579163
-13.558841
-39.552303
15.842073
-3.4413385
-2.181859
30.839287
0.7215839
2.6263356
18.891817
-1.3011239
-36.076244
-4.422082
15.475856
-17.233093
22.343016
24.82141
-20.938372
-9.760802
4.276303
-7.632452
-6.554226
20.934458
10.204681
-12.732073
-14.40372
-17.602707
4.042143
20.510763
14.515575
2.8196294
-6.37148
-9.5583935
-5.3221946
-3.7784352
-8.166747
21.66426
18.36708
-26.119205
-14.632541
0.54944557
-2.5284271
17.580523
16.421719
-10.939048
-3.7097168
23.676706
13.662834
-19.832788
-8.291177
4.814187
-15.442602
12.376447
-3.497809
-33.372066
18.377361
16.947506
-2.3707294
-5.905404
-12.518044
7.9822416
20.193892
13.523553
-18.643017
-14.3284445
-11.636116
0.29253182
31.214542
-31.933498
-9.471304
35.830936
1.4000697
9.430549
-37.568977
-30.688385
10.963282
13.7056875
36.166077
8.99222
27.634106
2.0210733
-66.382744
-40.225796
31.863499
46.80225
-36.153214
22.594393
28.21213
-35.27139
44.938824
-54.92143
-81.20929
7.8216567
43.74179
169.91516
-29.429989
-153.56706
3.7739503
-124.227554
53.795757
251.22186
-11.6561165
-30.906944
-118.34794
-155.72327
94.76704
116.54018
131.44853
0.7602327
-185.85812
-160.33232
-29.298878
225.56525
86.840675
-0.46813548
66.48021
-229.70038
-52.1159
92.73145
-41.466812
190.40715
-84.094154
-171.74669
193.14706
-53.53209
-16.935734
14.958109
-147.99475
144.06522
62.31408
95.05327
47.33885
-340.42712
-48.926018
78.32819
52.882763
200.94664
19.709684
-145.71863
-127.20294
72.53884
88.49703
-42.045258
-86.19847
-13.903505
135.62477
-12.958846
-29.80891
-23.08485
-71.42211
136.60147
78.21377
-128.51306
-145.54764
67.58971
144.82835
-49.262947
-45.663445
96.05982
41.156017
-200.6547
-1.3809327
181.15285
-97.27242
-49.745777
18.014612
10.349368
90.275826
9.670414
-37.111317
-87.91086
-30.525122
96.2409
71.14169
-54.249687
-133.38309
9.857156
107.66044
49.780373
-8.290796
-21.537333
-20.770926
-86.88071
-34.736256
31.05771
43.554405
150.9908
33.074345
-141.10168
-50.594734
-5.1231685
8.631955
75.78835
25.99007
-35.9425
-31.557774
-46.74023
-12.170141
80.12371
53.04044
-55.16671
-17.642776
21.13657
-40.270744
4.553141
5.1014924
3.1120427
45.443935
-40.44501
7.359287
32.482975
-47.742928
-14.202547
-31.186626
52.942894
109.359566
-41.92459
-65.37428
-61.328014
-28.77386
89.61273
28.15409
1.8923225
37.04817
-53.345978
-16.192648
39.4057
-32.849533
-22.193474
4.780564
-11.323729
18.658384
44.129234
5.996023
-49.96113
-27.03256
26.315369
-3.56503
-17.290026
18.96876
22.82624
36.38174
0.980614
-44.46597
-20.878794
-44.90907
-1.60599
58.36278
12.599921
52.41922
14.124321
-92.82071
-34.968163
6.2563653
26.58503
35.20252
2.1334202
31.825663
9.71236
-35.39791
-37.597282
-36.897476
15.907268
32.06443
18.651709
20.841541
-48.528214
-55.981228
47.356544
70.72078
4.0857286
-54.243458
-46.457306
16.829475
35.1971
-15.260009
-23.313177
19.082998
14.089494
28.504652
30.354015
-32.261215
-17.072474
-2.5514252
-21.18716
7.521538
-7.698321
1.1999705
49.32427
-5.509375
-31.766659
9.533197
-11.67324
9.021454
6.332787
-58.313328
-5.7664
25.898659
19.431892
53.07613
12.268069
-21.463043
-33.11587
-39.033466
16.458988
23.575983
-9.262259
10.037676
11.4232
-1.1232505
15.72548
-38.666573
-44.633804
34.84017
11.098098
17.089706
28.518436
-23.205677
-14.432546
-14.383207
0.10953245
6.6028495
0.23025051
26.90842
-15.593908
-23.657436
22.373966
12.318787
-11.313451
-14.032039
-5.0170875
-12.278893
24.709473
58.571796
-4.9135985
-48.080727
-46.96618
-17.562538
29.619608
27.018526
21.026764
3.300291
-32.356045
-17.383818
9.51845
16.039011
17.68293
14.123007
-10.721928
-38.57766
-8.501404
18.012037
21.306328
30.880596
-23.011948
-26.664146
18.110125
-7.6418595
1.5268956
-8.325407
-20.145247
21.471714
-2.260094
2.9698741
18.01702
-1.0298109
18.923323
-11.858929
-25.845102
9.878173
-2.1368713
-26.282907
-23.144932
34.956017
39.080692
-3.4500666
28.969952
-15.015648
-63.249588
-11.916866
-4.9905367
23.113758
31.517775
-8.222777
22.471006
8.560258
-26.9374
-13.893488
-27.597534
0.67488664
24.798306
1.2542179
19.857122
7.2554
-5.2278666
8.5397215
-21.591894
13.656692
9.944313
-54.858807
-1.1613333
-2.0332534
-4.101134
49.15115
-16.16729
-12.404048
9.526992
-15.260511
33.946617
19.24797
2.0281754
-7.572101
-30.972006
-2.8675404
-11.161749
5.7116876
6.3290777
-7.917284
21.866905
-13.715241
-2.852377
30.727175
-12.598264
-4.204231
24.310904
-11.737111
-25.090895
14.082842
-9.280645
-19.143444
22.647976
-6.1696076
5.5006385
35.024628
-6.3536463
-27.168194
-37.227043
-15.187939
31.031466
38.757767
27.69379
7.204462
-27.44963
-46.749866
-13.113591
8.539336
13.536507
37.947514
6.9681377
-29.6891
-10.840481
-2.4214277
-2.6584752
11.5947275
1.3091215
-12.56965
-1.1975749
7.47957
17.574053
-1.8018894
-11.536201
22.62348
5.350902
-15.948372
-14.147822
-31.085953
-10.987334
19.64143
17.230974
12.508613
20.040735
4.1016784
-18.019787
-4.1169925
-14.879812
-3.6467743
30.004757
-15.0606165
-17.12104
11.892938
-2.3652864
4.6227098
-8.185277
11.276819
17.589697
-32.322216
-11.856307
9.16686
9.106674
11.842916
10.786637
3.973605
-25.36152
6.2290235
6.1133785
-21.52138
28.236551
3.5427907
-38.85666
12.73899
32.03526
2.431985
-14.600887
-19.173517
-13.90094
2.7906272
15.608019
14.444819
11.674405
4.1520686
-4.9196863
-17.85884
-33.091442
-10.390857
17.244007
22.562965
19.189936
9.12042
9.590062
-19.93468
-26.645733
7.551868
-9.829778
-14.325338
12.106133
19.366316
12.166075
0.11849478
-12.582811
-28.124432
-1.7301829
26.36234
18.088371
-3.1161363
-27.799053
-6.1113515
6.3118715
1.8318387
21.17724
-0.28886726
-16.423069
-2.8283975
-8.870623
-15.205664
0.5522571
26.200922
12.856553
-13.310597
4.7086177
18.900642
-8.202301
-23.249804
9.433124
18.906736
-20.007933
-12.694726
13.411186
-3.5272846
-0.8518254
-4.3498874
-4.1953893
33.388954
12.220278
-9.474878
13.689628
-14.084474
-36.126205
1.6576743
15.618446
3.957642
16.009285
3.5256813
-19.990076
-13.751262
-16.226105
-3.61865
16.229362
13.732466
16.081667
-4.46365
-20.54742
10.998173
8.21226
-23.193779
-2.2333982
22.136255
2.3071141
-15.929388
6.1108074
11.053585
-25.531004
-10.387186
25.182173
26.423342
11.855058
-22.93538
-22.56308
-14.395906
-15.991861
13.655831
18.619843
18.827072
13.601936
-13.385205
-3.4289405
-6.29928
-20.753351
1.5188769
-5.6227527
-14.593205
26.064896
22.91706
-1.8812973
17.446922
-1.3744547
-25.212568
-13.087483
-7.897807
5.452263
0.5912553
10.96283
15.078971
-13.699205
11.042148
-0.8963658
-21.500181
9.282296
-1.0237999
12.225155
16.552164
-9.708824
-15.361129
-30.065454
8.621253
29.845455
-7.3421826
-3.3271482
-3.0394645
-3.0193307
10.671382
0.7416438
1.2888403
8.315127
2.278088
-22.538551
-34.334724
0.015752971
24.842133
25.86238
22.088535
9.328443
-13.48058
-34.350945
-20.157831
0.10275492
8.8920765
13.162393
3.99196
16.541132
10.684454
-23.380493
-10.683591
3.2945886
-3.6239953
12.239645
16.79415
-2.786667
-14.92787
-13.542761
1.8091578
6.4797835
-7.993785
5.70865
12.857408
-12.362165
-3.4557345
9.44039
-2.7622993
0.42056593
3.7820213
-2.1677296
-3.7053943
-13.760365
-8.377872
24.441982
15.465451
-1.5266815
9.478367
-17.086021
-20.236872
6.4304976
-4.1486177
-3.5932803
6.097593
5.623926
9.793241
2.8470116
-2.9881396
6.24572
5.11544
-6.9494114
-16.603031
-21.535446
-3.4284847
9.500924
13.310717
32.31921
17.07757
-6.3073583
-7.523508
-25.528193
-24.658064
-15.24139
-11.116016
26.550703
42.46235
15.454578
-8.3136215
-18.347424
-20.447092
-15.2023325
-1.2437713
5.117376
7.458351
13.197289
24.091501
22.505539
-6.4040904
-15.892515
-15.309362
-20.293468
-11.299876
-2.1870341
8.537483
9.343535
17.106771
26.96516
5.134803
-8.123125
-21.431242
-27.262741
-7.187052
-4.4668655
10.8792095
17.763872
-3.3796198
-1.8482199
5.5081534
5.873386
-10.248629
-5.4819016
7.857167
-8.317913
13.887555
15.235879
-6.3829923
-8.348926
-28.907722
-4.201053
16.799109
7.2641997
8.808807
-1.8050745
12.111117
9.850711
-10.299302
-16.19637
-23.044575
10.345536
21.855513
-5.62327
2.2634056
7.7139697
-10.470571
-10.669102
4.654895
-0.21664195
-0.68546927
9.499738
-9.360165
-11.489404
12.868157
18.104994
14.491636
5.6589365
-22.677761
-43.53882
-15.093965
19.585665
24.93361
28.19227
20.671055
10.470887
-0.18702444
-27.65787
-39.953728
-26.865805
-8.368165
8.388023
18.294416
17.287287
10.86624
7.587037
-2.9292371
-15.34947
-10.766794
-3.3917792
-1.316901
0.79247326
8.438093
27.979765
24.340328
-8.57123
-16.375458
-10.770455
-21.089804
-19.742754
1.3406575
17.89496
6.1477213
0.29962212
20.932964
11.365519
-11.671162
-12.862459
-17.263908
-18.105038
1.2493329
21.89757
14.969032
11.531745
9.894488
-9.626803
1.9859512
-7.6485524
-33.071796
-3.6729336
14.096781
10.7546625
7.8322973
12.476286
15.68296
-11.871764
-12.225419
-0.47988528
-7.851112
-3.8891141
-7.736755
-6.262866
1.9318115
0.3567597
7.2103143
10.528815
9.501505
9.138345
-1.9012132
-9.956458
-11.537002
-5.7353373
5.490832
0.7947825
-5.044961
4.9351516
6.8211937
-2.9454265
-8.608264
-14.201968
-6.10491
18.354633
27.219362
9.282347
-10.610377
-8.562618
-14.622868
-17.586853
6.785815
14.609599
14.16409
4.1543927
-15.280991
-12.649149
-9.0357685
5.8613043
16.907955
-0.20458394
-6.921047
-12.934184
-16.094183
7.524249
22.730024
16.639069
11.399509
6.0419464
-3.922247
-18.533472
-28.08252
-13.282711
9.519055
16.023745
18.626123
16.157494
-9.957193
-23.866785
-10.512233
-8.938994
-0.34120932
14.54878
21.553589
34.677967
17.140347
-13.777729
-35.43527
-50.48726
-23.718657
7.5433893
27.419725
38.340374
19.884127
17.88764
8.687036
-30.246782
-37.11412
-25.197275
-13.570378
14.843076
25.976614
15.489493
11.468441
4.514976
2.483156
0.14697143
-12.57193
-14.782911
-16.393942
-12.306395
5.1972423
14.528393
13.843968
10.1714115
3.3397346
-12.5873165
-17.06099
-0.3618403
8.993008
9.195057
4.7845583
-2.8585339
-3.4169674
-10.682755
-15.973206
4.1399035
14.17352
7.027869
4.9617653
-9.3819065
-13.085937
3.5062466
5.176755
-1.2544923
2.0581732
14.269122
15.109671
-5.955331
-20.340916
-15.698185
-5.5669017
7.456442
11.339864
5.291972
9.486414
6.4110847
-10.559464
-17.31249
-6.284236
11.931916
11.179798
3.3916965
4.783682
2.217348
-4.021952
-14.588923
-14.531913
-9.815423
-7.42464
13.747466
24.26041
15.697355
4.4367647
-10.461692
-9.932893
-7.188461
-9.97509
-2.9091976
8.561686
11.429841
2.8374693
